95093
5648
49428
52193
33497
25305
45568
82466
44344
23506
40043
98471
68441
30505
86747
77759
6398
87525
70384
3630
26066
44311
99560
30912
57349
90649
33932
91126
1746
66155
78672
26728
77857
96609
49962
87106
96034
12281
13721
15275
5476
13901
26464
3473
85264
65345
61960
98341
57218
8595
90260
91906
82882
16153
86725
43303
69593
18859
87821
37974
51266
72936
77739
6022
28405
59081
85321
89481
48812
38556
94284
69426
85562
26499
21424
38194
22041
81022
97236
29410
85178
48208
91326
99077
77501
47713
60996
84698
46212
31451
65576
56189
93223
98710
81325
12308
73934
5072
72177
69376
54503
59598
20093
35258
97463
65037
95492
60903
23764
19166
52971
14156
55651
61893
70473
26159
79284
22363
11072
19309
78587
93078
75717
37589
82536
33921
32556
65009
36966
87955
53877
35978
58909
73030
65224
12605
56612
98467
12937
28241
1589
44449
86103
74040
20401
33309
86868
35849
33352
16454
29050
72459
4864
98500
59181
63041
86036
21007
36384
41553
23725
32246
77891
78955
82466
76540
75564
70267
75650
46988
15413
32823
30588
58741
86925
24514
18459
16528
51893
46370
64583
69736
53494
2545
17084
71116
85512
52555
92724
81058
8897
5597
37520
88393
98251
74798
36750
50789
24371
30483
84051
93084
30651
65832
72505
40268
40902
15745
2005
3321
44088
50321
6622
80762
37503
98017
93312
86502
74054
40386
49024
65479
51642
60248
17120
12562
2989
18174
65977
67323
92847
78408
72751
17557
6155
4617
23505
7776
15489
98335
87244
15442
49091
58522
55885
27298
41771
99349
54764
20944
40141
75128
19033
32647
50936
26284
137
71418
66584
78269
13510
21485
75701
96577
63780
60563
67887
25292
86933
9690
71946
14046
30287
21915
24581
68865
50557
11739
52662
46010
47937
24978
66287
44815
69782
49574
2185
45383
11399
71914
27400
80140
13360
90322
11714
24388
4886
7649
3963
40333
71067
38274
2154
11524
28027
81318
90219
60156
74603
31513
25270
48440
51740
21920
98381
27014
81483
18566
59200
8338
76337
16074
90130
11060
6694
15494
39310
42564
89167
783
73342
61177
11870
68790
90432
87017
44024
9069
42586
10971
86767
74491
51487
85019
9618
31400
66877
63929
82788
28882
8514
8283
59357
80781
53232
51866
83335
11189
77118
82635
99701
74395
39520
85816
20743
23661
356
50102
59375
69709
95131
43496
74577
39405
53071
24041
86687
17906
32983
62492
11039
33396
68696
18919
27220
22557
61378
33306
48268
97031
29540
61405
79171
16409
29217
11399
57283
61627
86570
14406
48603
94190
43107
92379
33350
81247
99711
70689
51858
64307
59857
19467
97524
50257
14672
97729
37424
7353
82889
17389
13144
55988
17318
40426
24499
54279
16073
71827
27035
91909
31607
13328
80526
22158
53515
98575
70197
81688
52093
39004
84967
70400
8794
71542
77733
89548
27035
14209
51583
65333
12180
3730
12782
17284
33100
10472
6470
66024
29338
351
4244
13367
7702
40762
44143
69240
80044
28198
33024
44485
29968
48860
8907
76435
60420
70430
26605
4946
66367
3084
73800
70657
97199
60900
46677
64310
22006
1011
14363
16261
87561
17170
79610
78662
63613
16823
99510
19327
3014
16362
64536
15890
5217
47935
46751
11657
60881
82967
18791
70384
72554
42535
14052
46269
91873
82771
45497
67533
87195
14675
25582
17247
57284
42030
33045
83414
36432
78562
53620
41861
94314
36035
81244
30061
19919
58686
3888
67839
93038
16207
13900
81710
89100
57419
76568
93680
33542
69867
62594
42406
20431
86737
280
14904
36735
31819
31422
80363
88405
95698
61281
34119
7348
91882
77466
79474
29414
50319
75146
97816
72655
67521
66759
83347
12447
47493
73204
47756
45407
35709
90504
32277
57649
69580
993
99863
64513
43167
51332
18530
68747
11333
50995
88499
91975
39117
54332
10329
70373
35764
76924
39021
69594
99697
62661
19953
66288
40636
61828
56497
63969
38163
2453
16305
59522
42174
37265
43495
53287
20040
26836
7375
459
7678
75836
84806
34447
27346
73789
42967
53865
93646
4321
62022
54003
41032
77625
13082
885
71073
9693
85832
91469
35788
18858
42360
17029
44543
35280
58946
48483
6344
22222
5961
92146
96776
89333
7533
22355
69418
37601
17270
83419
15258
13261
44054
67506
10436
63645
62843
17388
82596
81819
49393
73331
69184
98834
84944
82018
37241
32490
87175
11976
83517
29756
37109
74828
36225
46343
88152
34568
35272
91358
63083
98093
76534
27628
67555
19402
67527
58946
74561
17144
56786
54372
63310
605
67342
56696
28094
22774
85826
97240
7986
30780
33129
92437
26563
63762
69897
28934
72394
56174
70783
53477
95614
40541
35022
71392
43705
7848
87725
23239
10439
76024
66240
53043
25989
37404
78984
3463
73294
4587
70329
73404
76063
50745
24478
51748
67147
45257
93665
97264
12537
18423
41613
69207
35850
50081
51856
25734
60953
66055
62357
97974
66213
43728
52789
16424
22901
73350
28920
13363
72385
95316
19730
50008
82009
35243
27191
20418
7928
88488
46124
65456
84692
63669
2054
89630
55966
80754
38728
11184
58562
33479
23748
91590
72817
68111
30720
84391
56367
1011
99390
15336
85478
95956
71427
55863
38376
48858
48819
80165
68371
82317
24314
2482
31086
35308
88881
75670
49734
44401
29863
94739
25136
52009
95323
89777
23042
44493
15004
11480
341
18349
36413
9540
63859
96205
55714
79189
90707
66085
97433
4459
77506
97103
24440
58039
27346
92722
40194
27092
27933
78721
78989
22002
22160
87163
66704
90722
23194
89981
74516
5268
80196
56152
81135
8850
57904
55032
5247
12250
53562
5015
69228
6272
38082
71525
7599
13427
74789
51221
39270
36510
38762
40340
81312
74303
32532
74280
93803
65369
69756
42778
10254
89750
77512
30485
26175
5367
49985
6239
89523
20979
71562
86026
61112
10830
15733
24395
90500
57430
17701
46981
83411
68388
13246
22880
20486
50835
34103
89703
23926
42667
51051
86507
58568
93719
59856
20124
96977
61920
12384
89030
74348
39606
5418
15481
8313
53371
53130
91473
61187
87194
85629
26991
77786
63045
35649
21
40588
75775
98204
46982
45869
19831
73894
99522
19377
64145
35573
69002
58151
28569
90201
3581
6314
90290
42970
94410
46967
1898
9152
87286
19763
34109
60660
63987
54286
65657
38885
93570
43089
30420
13190
18057
65013
97588
15261
29227
9397
4551
33564
13648
44828
84109
9264
91598
22265
